name: vdao
channels:
  - conda-forge
  - defaults
dependencies:
  - bzip2=1.0.6=h14c3975_1002
  - cairo=1.16.0=ha4e643d_1000
  - dbus=1.13.6=he372182_0
  - expat=2.2.5=hf484d3e_1002
  - ffmpeg=4.1.3=h167e202_0
  - fontconfig=2.13.1=he4413a7_1000
  - freetype=2.10.0=he983fc9_0
  - gettext=0.19.8.1=hc5be6a0_1002
  - giflib=5.1.9=h516909a_0
  - glib=2.58.3=hf63aee3_1001
  - gmp=6.1.2=hf484d3e_1000
  - gnutls=3.6.5=hd3a4fd2_1002
  - graphite2=1.3.13=hf484d3e_1000
  - gst-plugins-base=1.14.5=h0935bb2_0
  - gstreamer=1.14.5=h36ae1b5_0
  - harfbuzz=2.4.0=h37c48d4_0
  - hdf5=1.10.5=nompi_h3c11f04_1100
  - icu=58.2=hf484d3e_1000
  - jasper=1.900.1=h07fcdf6_1006
  - jpeg=9c=h14c3975_1001
  - lame=3.100=h14c3975_1001
  - libblas=3.8.0=7_openblas
  - libcblas=3.8.0=7_openblas
  - libiconv=1.15=h516909a_1005
  - liblapack=3.8.0=7_openblas
  - liblapacke=3.8.0=7_openblas
  - libpng=1.6.37=hed695b0_0
  - libtiff=4.0.10=h57b8799_1003
  - libuuid=2.32.1=h14c3975_1000
  - libwebp=1.0.2=h576950b_1
  - libxcb=1.13=h14c3975_1002
  - libxml2=2.9.9=h13577e0_0
  - lz4-c=1.8.3=he1b5a44_1001
  - nettle=3.4.1=h1bed415_1002
  - numpy=1.16.4=py37h95a1406_0
  - openblas=0.3.5=h9ac9557_1001
  - opencv=4.1.0=py37h3aa1047_5
  - openh264=1.8.0=hdbcaa40_1000
  - pcre=8.41=hf484d3e_1003
  - pixman=0.34.0=h14c3975_1003
  - pthread-stubs=0.4=h14c3975_1001
  - qt=5.9.7=h52cfd70_2
  - x264=1!152.20180806=h14c3975_0
  - xorg-kbproto=1.0.7=h14c3975_1002
  - xorg-libice=1.0.9=h516909a_1004
  - xorg-libsm=1.2.3=h84519dc_1000
  - xorg-libx11=1.6.7=h14c3975_1000
  - xorg-libxau=1.0.9=h14c3975_0
  - xorg-libxdmcp=1.1.3=h516909a_0
  - xorg-libxext=1.3.4=h516909a_0
  - xorg-libxrender=0.9.10=h516909a_1002
  - xorg-renderproto=0.11.1=h14c3975_1002
  - xorg-xextproto=7.3.0=h14c3975_1002
  - xorg-xproto=7.0.31=h14c3975_1007
  - zstd=1.4.0=h3b9ef0a_0
  - attrs=19.1.0=py37_1
  - backcall=0.1.0=py37_0
  - bleach=3.1.0=py37_0
  - ca-certificates=2019.5.15=0
  - certifi=2019.3.9=py37_0
  - decorator=4.4.0=py37_1
  - defusedxml=0.6.0=py_0
  - entrypoints=0.3=py37_0
  - ipykernel=5.1.1=py37h39e3cac_0
  - ipython=7.5.0=py37h39e3cac_0
  - ipython_genutils=0.2.0=py37_0
  - ipywidgets=7.4.2=py37_0
  - jedi=0.13.3=py37_0
  - jinja2=2.10.1=py37_0
  - jsonschema=3.0.1=py37_0
  - jupyter=1.0.0=py37_7
  - jupyter_client=5.2.4=py37_0
  - jupyter_console=6.0.0=py37_0
  - jupyter_core=4.4.0=py37_0
  - libedit=3.1.20181209=hc058e9b_0
  - libffi=3.2.1=hd88cf55_4
  - libgcc-ng=8.2.0=hdf63c60_1
  - libgfortran-ng=7.3.0=hdf63c60_0
  - libsodium=1.0.16=h1bed415_0
  - libstdcxx-ng=8.2.0=hdf63c60_1
  - markupsafe=1.1.1=py37h7b6447c_0
  - mistune=0.8.4=py37h7b6447c_0
  - nbconvert=5.5.0=py_0
  - nbformat=4.4.0=py37_0
  - ncurses=6.1=he6710b0_1
  - notebook=5.7.8=py37_0
  - openssl=1.1.1c=h7b6447c_1
  - pandoc=2.2.3.2=0
  - pandocfilters=1.4.2=py37_1
  - parso=0.4.0=py_0
  - pexpect=4.7.0=py37_0
  - pickleshare=0.7.5=py37_0
  - pip=19.1.1=py37_0
  - prometheus_client=0.6.0=py37_0
  - prompt_toolkit=2.0.9=py37_0
  - ptyprocess=0.6.0=py37_0
  - pygments=2.4.2=py_0
  - pyqt=5.9.2=py37h05f1152_2
  - pyrsistent=0.14.11=py37h7b6447c_0
  - python=3.7.3=h0371630_0
  - python-dateutil=2.8.0=py37_0
  - pyzmq=18.0.0=py37he6710b0_0
  - qtconsole=4.5.1=py_0
  - readline=7.0=h7b6447c_5
  - send2trash=1.5.0=py37_0
  - setuptools=41.0.1=py37_0
  - sip=4.19.8=py37hf484d3e_0
  - six=1.12.0=py37_0
  - sqlite=3.28.0=h7b6447c_0
  - terminado=0.8.2=py37_0
  - testpath=0.4.2=py37_0
  - tk=8.6.8=hbc83047_0
  - tornado=6.0.2=py37h7b6447c_0
  - traitlets=4.3.2=py37_0
  - wcwidth=0.1.7=py37_0
  - webencodings=0.5.1=py37_1
  - wheel=0.33.4=py37_0
  - widgetsnbextension=3.4.2=py37_0
  - xz=5.2.4=h14c3975_4
  - zeromq=4.3.1=he6710b0_3
  - zlib=1.2.11=h7b6447c_3
prefix: /home/rafael/anaconda3/envs/vdao

